1.1241555213928223
1.1196861267089844
1.1593282222747803
1.0660996437072754
1.0616583824157715
1.1197383403778076
1.071563959121704
1.0766792297363281
1.09242582321167
0.6538081169128418
0.6528644561767578
0.6929080486297607
0.8149800300598145
1.255464792251587
1.062361478805542
1.1346595287322998
1.0879926681518555
1.1589155197143555
1.0532021522521973
1.1181046962738037
1.4245686531066895
1.1833653450012207
1.0392765998840332
1.1771063804626465
1.035593032836914
1.222637414932251
1.1529178619384766
1.3321382999420166
1.2860379219055176
1.314528226852417
1.2794289588928223
1.4116287231445312
1.3365058898925781
1.3084907531738281
1.3713414669036865
1.2890534400939941
1.3694484233856201
1.2758688926696777
1.3261239528656006
1.2863998413085938
1.3501636981964111
1.2882826328277588
1.2847919464111328
1.3327229022979736
1.3331489562988281
1.3271303176879883
1.302748203277588
1.3625280857086182
1.3414881229400635
1.328965187072754
1.3292548656463623
1.3262553215026855
1.348966121673584
1.3278858661651611
