1550158692.0712948
1550158693.4105093
1550158694.7106435
1550158897.0953653
1550158899.5111203
1550159638.7937539
1550159640.8949125
1550159642.482852
1550159643.7626443
1550159645.2286737
1550159658.9668741
1550159660.6611369
1550161044.6235054
1550161046.2636988
1550161048.2217212
1550161049.9464262
1550161052.2491903
1550161054.2992167
1550161056.4660547
1550161090.3551936
1550161095.0965183
1550245470.3238945
1550245477.047893
1550245488.6117494
1550247451.2301915
1550247603.9495966
1550247615.4115338
1550247618.9046829
1550247705.362652
1550247706.401178
1550247707.910811
1550247719.305095
1550247722.7681675
1552389054.830904
1552389056.4972684
1552389211.6185656
1552389370.5470097
1552389393.5536506
1552389446.5003257
1552389505.4729316
1552389509.4479997
1552389659.3930938
1552389665.3973987
1552389719.144162
1552389735.891451
1552389770.8650284
1552389912.4144657
1552389914.0339103
1552389927.8851223
1552389947.7966025
1552389950.1722553
1552389979.0968466
1552390621.0553937
1552390622.8255558
1552390706.8148324
1552390711.9513001
1552390726.0172238
1552390731.1636252
1552390773.1452088
1552390779.1689785
1552390839.3518217
1552390858.3761106
1552390881.629218
1552390905.0894678
1552390919.144119
1552390924.435597
1552391028.482035
1552391033.5206518
1552391116.53861
1552391124.6273487
1552484937.931309
1552484939.4510014
1552484940.7273781
1552484942.258087
1552484943.8501697
1552484945.380604
1552484947.054093
1552485368.523575
1552485370.0663347
1552485385.8878818
1552485390.7784
1552485409.6205044
1552485470.2791395
1552485543.110771
1552485546.9883368
1552485654.7942996
1552485656.3239264
1552485679.1328025
1552485698.914281
1552485703.7371922
1552485709.6029513
1552485744.3851929
1552485768.3702815
1552485777.0392942
1552485785.9571505
1552485788.3541658
1552485805.178054
1552485810.01376
1552485830.7972822
1552485836.6138544
1552485839.0141416
1552485840.5065496
1552485844.1078568
1552485847.9233031
1552485852.712966
1552485857.3402617
1552485865.0118423
1552485870.8192098
1552485873.1530201
1552485878.0056791
1552485879.5230122
1552485930.3351586
1552485939.224233
1552485956.9742632
1552485962.7672923
1552485985.9460764
1552485992.741934
1552486004.5618353
1552486044.4302058
1552486110.536899
1552486146.48492
1552486263.324764
1552486266.938034
1552486317.5158603
1552486397.3629522
1552486512.939904
1552486581.6294956
1552486606.5814626
1552486610.5170457
1552486617.1609764
1552486642.9760203
1552494345.1061897
1552494346.7657135
1552494450.8538005
1552494452.294847
1552494515.7562397
1552494578.2018883
1552494584.541429
1552494597.0544934
1552494601.5733767
1552494621.0456517
1552494631.4911547
1552494647.9554405
1552494658.4072142
1552494664.8934026
1552494672.4696846
1552494688.9459589
1552494695.4269016
1552495181.920083
1552495187.4020705
1552495250.8952289
1552495276.3440754
1552495280.8219776
1552495293.2911541
1552495296.764692
1552495324.2225854
1552495328.7094922
1552495347.1686065
1552495351.679365
1552495372.1418064
1552495376.5945477
1552495548.0876896
1552495553.6908686
1552495563.2155595
1552495567.7096055
1552495575.2333493
1552495578.69319
1552495589.1803
1552495593.6765661
1552495602.1138742
1552495608.590041
1552495740.1441758
1552495746.6533933
1552495756.1604726
1552495811.6330416
1552495817.118496
1552495825.5862224
1552495832.029244
1552495903.5065038
1552495908.0051203
1552496239.5631216
1552496255.035891
1552496326.4967082
1552496334.958174
1552496365.4275558
1552496373.9142327
1552496395.4174676
1552496402.9559011
1552496483.434372
1552496487.9075003
1552496497.3895724
1552496507.8517663
1552496509.9469776
1552496514.44007
1552496571.9526677
1552496576.4960244
1552496601.9323127
1552496619.394996
1552497284.9174893
1552497291.3884714
1552497554.8155818
1552497559.3227034
1552497767.768079
1552497772.2865164
1552497892.7544534
1552497930.298595
1552497933.8434794
1552497962.3829346
1552498090.8636298
1552498095.3761716
1552557551.84687
1552557553.9692864
1552557697.2515917
1552557705.0590894
1552557741.3303587
1552557748.7349112
1552570946.872933
1552570948.0117252
1552571239.7346103
1552571243.1192071
1552571246.2742803
1552571260.4414268
1552571264.6140718
1552574282.4135242
1552574522.5018346
1552574546.6814587
1552574555.854464
1552574559.0168667
1552574568.2801085
1552574569.432489
1552574571.4066775
1552574622.595131
1552574629.7542853
1552574630.9364815
1552574634.1671307
1552574650.3465104
1552574674.5126328
1552574675.6660373
1552574728.8692348
1552574732.0678227
1552574735.2394037
1552574738.420966
1552574741.5986354
1552574745.7670627
1552574750.9595532
1552574763.1305728
1552574767.317177
1552574779.536728
1552574783.7189763
1552574792.8998234
1552574798.0631657
1552574803.2389464
1552574808.4247663
1552574820.5711615
1552576492.7118614
1552576559.2230134
1552576560.366494
1552576561.5421805
1552576569.7821994
1552576599.975022
1552576619.1750414
1552576625.3802347
1552576675.5448701
1552576678.7217073
1552576684.895078
1552576689.073221
1552576692.2496014
1552576695.4746408
1552576698.6853144
1552576700.7061543
1552576702.9997272
1552576705.188947
1552576713.3763292
1552576715.5274649
1552576717.5149534
1552576719.5322335
1552576726.7244196
1552576729.8796413
1552576736.0737457
1552576738.1119077
1552576741.256533
1552576744.4316206
1552576746.4611096
1552576767.6348596
1552576772.8057172
1552576776.9907324
1552576780.180811
1552576783.3466306
1552576789.5368807
1552576830.7266681
1552582456.2779455
1552582467.8982365
1552582479.7431867
1552582495.141058
1552582500.7352343
1552582512.1385388
1552582535.5762982
1552582542.0008452
1552582559.4381845
1552582568.8607867
1552582610.2816415
1552582616.7084465
1552582637.1132877
1552582642.4873118
1552582649.9057236
1552582656.2651343
1552582673.6376188
1552582679.030255
1552582693.436127
1552582724.6273456
1552582744.010413
1552582748.386326
1552582768.7548597
1552582774.1516292
1552582782.5077474
1552582785.937201
1552582931.2864757
1552582934.6652555
1552582971.116475
1552582989.5000281
1552583025.815944
1552583035.1650248
1552583038.055995
1552583058.4804933
1552583064.8372822
1552583071.2402468
1552583080.6103635
1552583113.037261
1552583419.4104283
1552583425.7970924
1552584413.6517727
1552584415.0375175
1552584430.7740262
1552584438.143107
1552584451.500426
1552584459.981272
1552584484.5382092
1552584726.5182345
1552584727.895422
1552584772.2909904
1552584845.6490963
1552584851.2008212
1552584855.6257768
1552584877.035493
1552584897.072703
1552584904.4750016
1552584948.862391
1552584954.288247
1552585258.6588407
1552585270.0061626
1552585279.4394774
1552585287.8255277
1552585325.1913984
1552585331.5817723
1552585340.9615705
1552585349.338479
1552585376.6975732
1552585387.0837095
1552585396.4457293
1552585401.871697
1552585494.2436042
1552585502.6412725
1552585510.0199811
1552585516.432952
1552585926.8431976
1552585932.2555783
1552586230.6296306
1552586236.0358605
1552586419.461232
1552586427.846156
1552586433.2875762
1552586994.6736805
1552587001.0659347
1552589365.188997
1552589366.3458483
1552589367.5133662
1552589368.692449
1552589369.8757827
1552589371.109264
1552589372.3750992
1552589408.8245022
1552589410.9736507
1552589459.4596674
1552589462.6181076
1552589470.424598
1552589473.9504797
1552589480.2531366
1552589485.3217928
1552589489.7253578
1552589494.6192346
