1.9220445156097412
2.0010924339294434
1.7798163890838623
1.8880162239074707
1.8847975730895996
1.9019460678100586
1.7658891677856445
1.9653234481811523
1.999506950378418
1.8801624774932861
1.8665077686309814
1.877779483795166
1.9345862865447998
1.8470089435577393
1.8761208057403564
1.788604497909546
1.8686630725860596
1.7823717594146729
1.8267781734466553
1.8027305603027344
1.7846825122833252
1.9516181945800781
1.8728160858154297
2.0617406368255615
1.9408817291259766
1.8330247402191162
2.0896592140197754
1.862187147140503
1.7658720016479492
2.0219013690948486
1.9748177528381348
2.4439845085144043
1.7053472995758057
1.9056329727172852
1.939741611480713
