1552575247.3493273
1552575248.5277934
1552575250.5260105
1552575253.7334342
1552575277.924021
1552575381.6015055
1552575399.7730782
1552575403.980384
1552575407.3079686
1552575410.4828792
1552575414.6585746
1552575418.8262236
1552575423.011114
1552575425.0303695
1552575429.2019284
1552575437.393828
1552575447.5696275
1552575450.7475736
1552575998.265055
1552575999.4459004
1552576001.4169128
1552576004.6194248
1552576006.8443077
1552576042.029617
1552576046.2598267
1552576053.4400215
1552576055.5017886
1552576075.7332757
1552576079.0900025
1552576080.2588828
1552576084.4411223
1552576087.659583
